000205                  19940.00
000207                   1690.00
009030                   1250.00
009032                   1850.00
009033                   2150.00
017141                   6190.00
017150                  10500.00
017151                  10870.00
017154                  31125.00
017156                  42200.00
017157                  59375.00
017158                  54875.00
017173                   1000.00
017704                   3600.00
018136                  21625.00
018944                  20250.00
020756                  14635.00
021977                  33250.00
022060                  79445.00
022121                  16250.00
023857                  14000.00
023858                  75475.00
024920                   8775.00
025103                  27500.00
026659                  13125.00
026660                  11890.00
028216                  75475.00
028218                  88335.00
028605                  41875.00
029546                  25715.00
030087                  24940.00
030996                 115350.00
031482                  14845.00
032377                  22500.00
032380                  45125.00
033656                   9365.00
034140                   5100.00
035021                  82775.00
037981                  77670.00
037998                  83335.00
043203                  56125.00
043204                  97780.00
046444                  14375.00
046445                  15625.00
051236                  38470.00
056468                  18750.00
080008                   7440.00
080309                  15935.00
080672                  52375.00
080673                  32065.00
080949                  71625.00
081028                  26250.00
081133                  79875.00
081240                  18750.00
081633                  66500.00
081724                  56190.00
081806                  18625.00
081807                  26875.00
082062                  12375.00
082063                  14990.00
082299                  14940.00
082334                  88880.00
082547                  65320.00
0388164023123000289     25233.00
0536754023123000647     41844.00
0536764023123000685     32841.00
0812394023123001019     20165.00
0815544960999103020     45521.00
0243414960999123684     53129.00
0825624960999130040     28656.00
0536374960999130958     37913.00
0341274960999141589     37913.00
0314774960999141664      7482.00
0388274960999144122     17628.00
0420574960999162140    116670.00
0503854960999213217     32841.00
0219764960999214078     37913.00
0509384960999606156    174857.00
02197654960999214078    37913.00
